39187
28866
36864
16836
14706
38834
49065
47298
71017
71858
60165
46115
12405
11616
3637
13436
23007
35092
11700
36408
70703
5923
69311
61275
59737
69336
34793
15490
18232
37250
39262
26263
37624
53506
9240
69668
64651
6379
36283
23085
24923
60300
8727
43947
11087
20120
71919
415
58837
65058
23140
1169
32879
69925
16270
11553
42194
26659
17076
62094
51640
29437
26538
27671
18872
53531
1043
44741
42775
5241
24315
34290
53019
63889
7807
59283
63457
22768
7488
56178
25656
36216
38298
71084
6223
53349
14837
11647
18157
31543
19869
16336
35307
14762
8743
50227
66877
18002
5718
19439
7088
6187
17244
6475
23587
40626
7512
58281
52599
20651
9923
37546
65303
6076
16603
27229
62058
33911
52728
42988
11510
11379
49380
69131
34901
45761
27385
71019
54898
45154
33700
36520
29150
10675
38855
65251
52972
22743
43255
21737
51325
62442
41785
4308
33337
57834
7975
22945
35662
35718
12927
18374
25166
8279
53960
6663
46197
61815
5936
25868
29609
33296
29300
37023
20138
43653
71603
62378
357
60750
59643
51357
67454
62995
28010
61911
24816
24341
50385
42530
62452
3272
409
32717
10774
35291
70915
26842
32084
67293
62655
63128
15353
43069
9363
15141
2220
59576
41942
32725
30571
16195
38517
9851
71930
43999
65307
22698
60308
29302
16383
71121
9130
5880
66463
62120
19450
38118
63761
56018
33467
44424
59729
7258
62123
23600
63719
45849
54116
20125
15616
8119
70148
44027
47205
56021
7679
12919
25324
34224
28806
17170
28431
46042
41777
53071
46924
14371
53609
23857
34587
5191
12493
689
30085
29224
4494
34880
47980
12503
20124
54856
30824
17227
13497
68012
17373
64132
45030
33429
35802
65792
33324
52248
4021
22553
19036
61753
65287
70138
8576
20985
1544
18001
50934
30088
13620
60716
49444
212
13675
44000
62052
46347
66412
2240
16997
36753
50668
14576
3717
30319
63428
68821
19700
5248
71189
10653
23095
1440
14668
49524
35503
7190
65793
28944
30873
67571
6467
33327
65044
48399
588
9104
39898
46461
24866
20867
4335
35992
25093
36263
52731
42140
13935
26396
65758
17564
47495
69554
54405
61099
46831
14603
32186
32096
32300
26867
24437
51545
62607
25297
11633
45411
28407
10347
36444
28609
60846
33498
70243
16922
33962
28904
34367
30020
4070
71310
9389
3688
39284
60837
49294
63193
15494
31719
31237
23708
17298
55415
55703
16852
41100
60687
4738
14677
5048
29881
15091
22740
7413
24496
48310
65238
43940
52535
50063
36759
16808
69434
33680
49949
13322
27230
17932
25430
66095
8274
24571
11876
459
8289
4163
5099
61494
26149
43991
29631
50127
61464
34974
6668
54421
71755
71960
60453
55712
60963
62193
53267
54842
49445
53814
24850
70491
55258
7357
38533
39634
45244
42836
68201
39200
10341
24688
37175
18841
47343
51416
54060
41719
61499
67681
59176
12118
9817
3733
47623
817
39459
46559
49436
66485
54436
26011
40807
30813
21316
14124
70882
30677
69002
71816
69948
69672
18866
26283
57187
18552
68118
4445
49236
58505
61931
54056
65211
67730
69400
40988
68687
30448
2854
1359
41350
65210
46994
70197
68220
7777
25763
49092
70130
29748
13769
55568
43866
13969
58265
6810
47882
60193
22169
16116
3029
27912
106
22416
54435
29612
55782
39731
41832
50730
57169
15406
46515
35044
28112
36022
41422
71395
26399
22861
27566
28788
32801
44684
49979
10447
66098
20336
20619
64890
24348
12293
14940
10710
2110
2770
41442
56884
41822
61756
19887
11083
12208
53460
60349
59809
20988
30533
10469
42928
58160
69564
12164
26397
35183
58161
53232
32793
9896
57328
29523
49841
24452
53505
28663
21499
71757
32713
52110
5118
67567
49688
29227
10201
12277
59253
32760
59098
72148
8861
15871
10276
59302
46354
70285
15082
58524
60158
17506
54479
23739
71276
50402
3567
46033
42215
70841
69217
56777
51840
39990
65788
31833
45720
24990
33691
10363
14842
54340
59201
29851
9997
50924
6315
64241
68581
29151
12779
18419
41778
51583
41867
26771
57781
47632
61888
8642
3105
5652
58280
26272
46669
70668
27613
14763
6212
33079
53694
53710
57028
25234
53816
5281
36529
21685
22616
60932
16131
71576
25526
3460
47870
59386
70131
23067
21658
56419
16239
51387
2817
17815
929
23885
1586
11185
28998
34513
22124
63511
17474
39662
33162
24845
32736
25598
59400
8910
31714
25486
5319
65614
4627
45440
39497
37920
31210
55434
32934
6601
56222
24756
51278
10273
62097
70117
41327
45153
1165
63623
40442
17530
58923
48687
12019
67604
21212
14017
6075
51532
15296
10510
52730
12435
6136
9769
19532
30471
48734
67788
937
70592
61548
57851
25066
64619
38442
7431
32948
39496
11380
37921
30720
69549
27638
69319
18132
412
40759
38741
47427
49396
35934
24903
3419
4000
55601
5749
30812
22615
18231
11010
15563
48154
52205
42110
4061
9384
62746
50178
56022
33385
58291
46687
5655
66100
23781
50319
53955
14575
58773
53262
61876
16794
59616
27262
26836
40698
67196
44464
46306
29157
59699
49160
7414
718
61770
51284
11841
36830
28287
24600
56369
2632
56026
8221
43665
61135
12494
30671
3164
55742
24567
1363
14260
32258
64080
27328
358
15634
19902
46241
11402
17735
60265
34766
30322
47004
1162
30276
25483
54662
9699
2670
45510
39713
65412
50765
44982
12605
46996
70177
12427
67014
48263
3451
26676
61639
11766
55060
6566
22486
13572
55898
13778
22373
24913
52807
29632
29060
33272
55166
64012
11657
37154
67274
25290
42471
35941
15171
62086
32439
20003
62757
12601
60176
70126
32299
15096
17549
51837
50642
17260
20926
23852
69969
46918
8754
25550
2648
41282
56029
55701
34445
26727
65679
29513
31519
47652
1076
41423
17559
20062
43343
17288
60918
54357
28882
27670
38050
52151
50840
23021
27848
49770
25422
1793
6662
58783
37912
18238
16445
30674
40523
48941
14036
34800
33122
48457
54633
43487
59714
64085
14905
66682
30064
31215
54619
34652
10071
22591
3289
36
6378
69502
71637
53952
31110
18055
33767
44990
13316
20996
25092
24510
13315
23003
68205
50775
6939
64147
55169
41239
30866
294
34394
65787
49797
44629
70281
21541
62618
0
52754
36347
43563
29925
47717
56338
69603
36298
45987
42905
11126
2073
11121
45840
61357
67657
60159
41411
39830
20447
4102
11857
26014
15371
21542
25709
44750
59962
60167
48890
6606
44714
20032
53252
31537
31813
6527
17505
62227
71710
57278
32380
19456
71587
16038
39260
71130
57697
34485
55876
30067
33967
51311
40632
564
41310
20054
58092
26409
38503
34796
51605
32305
5602
14666
47259
61498
36813
31970
33479
64058
23489
53869
30886
71670
8795
59689
65848
27644
67204
29303
39683
17305
21099
42575
31326
6459
14743
8426
11982
45096
24152
37744
14488
2014
69812
42777
6265
60600
25377
49713
67760
16470
29525
18230
36848
21897
69158
11893
9953
413
7674
71758
20730
13435
27327
21524
51356
67534
47425
1621
61013
26748
47321
21993
52144
15579
48431
17681
58778
31708
21803
9889
50492
25442
7009
6803
56795
39935
33914
44553
23030
55041
17763
41752
16277
51216
69285
66197
15678
43333
49917
55606
50671
49317
23282
23947
6658
34821
51235
58713
49293
71927
44638
5114
48802
36097
56567
9383
65830
44863
8799
56887
41901
62458
11388
56504
5274
54358
36378
41221
52887
43783
24258
68469
65568
48186
41663
46225
70089
12002
56788
23649
26250
66662
47507
71217
51683
63089
12093
34912
9764
68468
5491
25751
18138
48813
23738
33381
37264
16004
33271
25745
8676
19530
44619
58535
31718
419
6754
31767
22004
60731
5463
44008
23571
2617
62202
65677
6988
638
47346
18885
62313
27907
41397
50524
13853
6256
53616
38942
60036
52913
7290
44407
56303
19110
55717
57849
65360
46531
5960
31235
33198
5050
62240
11267
34232
48520
68684
48254
63026
46296
66282
51058
62299
66892
62859
11276
32245
31613
47404
21722
6654
37526
56518
70714
18441
71049
46212
23274
39431
70110
16490
4107
42315
53072
2900
10421
17663
61218
65778
19687
3157
71468
10791
45378
66535
61143
62994
38957
11551
31113
26295
21478
68072
13622
39152
36202
43408
49322
29646
68547
12901
5827
14309
34865
32209
7935
49395
9433
28807
1477
61717
47675
63741
24033
20726
41458
4610
45093
24451
21821
71963
61364
34730
20051
58045
28392
36201
23416
43091
67451
50907
60107
19084
23354
32724
44021
64014
30404
5985
68753
7651
41537
29808
5557
24232
34106
1638
38935
20262
45426
25356
42714
13245
39441
4541
59209
43588
14993
6816
34335
14265
59136
56687
62778
17844
69868
69636
30536
1690
18856
63162
43403
20238
44948
1794
56863
32192
39226
40674
36107
39448
9084
56313
44743
25605
51415
60057
48456
45317
71296
25350
26945
32967
7133
36197
19596
68383
11704
8418
65954
2190
8449
69186
55073
46878
70227
10253
32497
38309
41664
65704
30220
21052
4574
62645
54610
55605
31193
29079
32972
47916
18148
27159
66918
64011
6693
53913
28644
54860
65676
51870
65182
3673
55002
50973
33923
54217
18536
241
29968
48050
17377
16183
39519
33080
63500
20911
69239
20431
65186
61573
55168
67738
24468
9291
61012
59451
53430
4386
31840
40814
60949
12426
17581
69810
39230
66274
51872
28532
4898
10709
44500
60168
70582
34902
60988
71464
49059
37027
41033
15288
30734
22223
7036
8016
5740
31886
7018
66117
35601
10864
58094
9738
43655
29624
55429
53020
3326
12017
50181
47440
28080
30934
69214
51421
15274
51203
32701
33065
23056
61685
43181
36231
46
10759
6983
56307
13237
605
43380
5908
19717
27383
43860
25303
62040
16832
18075
54719
50554
32623
7556
50231
53481
11013
40661
7581
43225
5563
64370
30532
58420
40145
40396
37420
49222
12065
9030
3598
5592
59862
54828
3309
60688
69435
62520
46284
42201
4593
70493
59524
69041
49391
18946
28438
14794
52439
2615
15748
59766
3461
18391
2764
62462
54162
4067
35848
35207
64506
51790
15571
34113
64550
65467
51080
61822
29603
70354
18899
31423
47324
53434
62371
56317
63709
5333
35035
18710
367
9213
36039
69929
62848
50984
30320
59832
56725
38964
37046
33023
70269
5502
28276
24660
54439
38145
6090
13940
56108
56864
12323
19453
1163
16119
64142
11558
53476
39627
69263
69733
45835
12737
64928
67747
38310
53877
67453
463
45721
24441
30057
57543
3152
35293
16118
6214
21898
37155
54069
35093
27830
15893
55047
14916
17230
48333
39116
59687
44476
56015
61286
46906
55686
26134
47190
17049
50932
58411
571
24343
43155
47595
21214
26319
57346
28808
30103
59329
67181
70086
49081
8115
5101
69602
63904
62298
60391
51632
32952
52102
18127
58957
34972
64128
35076
38527
51609
20122
54622
57444
39661
55775
64084
16444
1118
33184
18380
32446
55886
48366
5227
57755
43400
47800
70407
59285
63696
62241
44285
28343
51883
97
6726
43402
63956
17585
7626
58215
35914
5890
17126
42763
66389
66680
17854
37185
20121
66344
13195
45287
26411
69425
64077
6592
64751
50649
48766
58555
51462
14493
40113
41570
17128
41915
20047
46240
65544
656
46858
12038
47429
71811
64067
32727
61303
49693
11367
22507
47720
6409
4428
31553
49650
8156
9263
9556
72187
34480
48217
63268
4932
61181
25762
64457
69176
46478
40590
57049
17583
66272
61856
58387
68803
36585
37228
55291
7295
65378
59620
15895
12434
42960
53956
45213
35045
15252
471
27672
15936
60163
48760
50077
4218
63411
35536
43585
774
39368
68031
14797
69705
43656
30727
24824
29539
60294
59207
28133
54901
56157
60983
26789
10111
6169
57010
63164
66620
67511
32812
32712
65461
9660
63314
7058
29366
55478
70730
22897
6656
1171
467
44011
63171
970
40324
20531
63278
40725
60712
49323
9796
1276
57530
21928
33364
13422
15901
10431
64044
27051
37613
19536
35859
67320
1062
22420
28866
39187
36864
16836
14706
38834
49065
47298
71017
71858
60165
46115
12405
11616
3637
13436
23007
35092
11700
36408
70703
5923
59737
69311
61275
69336
34793
15490
18232
37250
39262
37624
26263
53506
9240
64651
23085
69668
36283
6379
24923
43947
60300
8727
11087
20120
71919
58837
65058
415
23140
32879
1169
69925
16270
11553
42194
26659
29437
17076
62094
51640
26538
53531
27671
18872
44741
1043
42775
5241
24315
34290
53019
63889
7807
59283
7488
63457
22768
56178
38298
25656
71084
36216
6223
53349
14837
11647
18157
31543
19869
16336
35307
50227
14762
66877
8743
18002
5718
19439
7088
6187
17244
6475
52599
23587
20651
58281
7512
40626
9923
37546
65303
16603
6076
62058
33911
27229
42988
52728
11510
11379
34901
49380
69131
45761
54898
71019
27385
33700
45154
36520
10675
29150
22743
38855
52972
65251
43255
62442
21737
51325
41785
57834
4308
33337
22945
7975
35662
35718
8279
25166
12927
18374
5936
61815
46197
53960
29609
6663
25868
33296
29300
37023
20138
60750
43653
59643
67454
71603
51357
357
62378
62995
61911
24341
62452
28010
42530
24816
50385
10774
409
32717
3272
35291
70915
67293
32084
26842
62655
63128
15353
43069
15141
9363
2220
41942
59576
30571
32725
38517
16195
60308
71930
9851
43999
16383
29302
65307
22698
71121
66463
9130
62120
5880
19450
56018
38118
33467
63761
44424
59729
7258
45849
23600
62123
63719
54116
70148
20125
8119
56021
15616
47205
44027
7679
25324
12919
34224
28806
17170
46042
41777
23857
28431
46924
53609
53071
14371
34587
5191
12493
30085
29224
689
34880
47980
4494
20124
12503
54856
17227
13497
30824
45030
17373
68012
33429
64132
65792
52248
4021
33324
35802
22553
65287
70138
61753
19036
20985
8576
1544
18001
30088
50934
60716
49444
13620
212
13675
44000
62052
16997
46347
36753
66412
2240
30319
50668
14576
3717
68821
63428
19700
5248
71189
10653
23095
49524
14668
1440
67571
7190
30873
35503
33327
28944
65793
6467
65044
48399
588
39898
46461
24866
9104
20867
4335
35992
25093
36263
52731
54405
17564
26396
69554
47495
13935
42140
61099
65758
46831
14603
32186
32300
32096
26867
24437
62607
51545
10347
28407
45411
25297
36444
28609
11633
60846
70243
33498
16922
28904
33962
30020
34367
71310
3688
9389
4070
49294
39284
60837
63193
15494
31719
31237
55415
55703
16852
23708
60687
17298
41100
14677
4738
29881
5048
15091
7413
22740
24496
48310
65238
50063
43940
33680
36759
52535
49949
13322
16808
27230
69434
66095
8274
24571
25430
17932
459
11876
4163
61494
8289
26149
5099
43991
29631
50127
61464
6668
71755
34974
60963
60453
54421
55712
62193
71960
49445
54842
53267
53814
24850
55258
38533
39634
70491
45244
7357
42836
68201
39200
37175
47343
10341
24688
18841
54060
51416
41719
817
61499
67681
9817
59176
12118
47623
3733
46559
54436
39459
40807
49436
70882
66485
21316
26011
14124
71816
30813
18866
30677
69002
69948
69672
26283
57187
18552
68118
4445
58505
49236
61931
54056
65211
69400
67730
40988
2854
30448
68687
41350
1359
46994
65210
68220
70197
7777
25763
49092
13769
70130
55568
29748
58265
47882
43866
13969
6810
22169
60193
27912
16116
3029
55782
106
54435
22416
29612
39731
41832
50730
57169
46515
28112
35044
15406
36022
41422
27566
26399
71395
28788
22861
44684
32801
10447
49979
66098
20336
24348
64890
20619
12293
10710
41442
61756
56884
2110
2770
19887
14940
53460
12208
41822
11083
20988
60349
59809
10469
35183
26397
58160
30533
58161
69564
42928
12164
53232
32793
9896
29523
24452
57328
53505
49841
28663
21499
32713
5118
71757
52110
29227
49688
10201
67567
12277
32760
59253
72148
8861
15871
59302
59098
10276
46354
15082
70285
58524
54479
60158
71276
17506
50402
46033
69217
42215
3567
23739
70841
56777
51840
39990
45720
65788
31833
24990
10363
33691
14842
59201
29851
54340
9997
50924
68581
64241
12779
6315
51583
18419
29151
41867
41778
26771
47632
57781
58280
61888
5652
8642
3105
26272
46669
27613
14763
70668
6212
53710
33079
25234
53816
57028
53694
36529
22616
21685
60932
16131
5281
71576
25526
47870
3460
70131
59386
23067
56419
21658
2817
17815
16239
51387
11185
929
23885
28998
1586
22124
63511
34513
39662
33162
17474
32736
24845
25598
59400
31714
8910
5319
25486
65614
45440
39497
32934
55434
4627
31210
37920
62097
56222
24756
10273
6601
70117
51278
41327
45153
40442
17530
1165
12019
21212
67604
6075
63623
58923
48687
14017
52730
15296
51532
12435
10510
6136
19532
30471
48734
9769
70592
61548
67788
937
25066
38442
57851
64619
32948
39496
11380
7431
37921
30720
69549
27638
69319
412
38741
40759
35934
47427
49396
18132
24903
3419
4000
5749
55601
30812
11010
22615
15563
48154
52205
18231
9384
50178
62746
4061
42110
33385
58291
56022
46687
23781
66100
53955
14575
5655
50319
61876
53262
58773
16794
27262
59616
67196
26836
40698
59699
49160
44464
29157
7414
46306
51284
718
11841
61770
2632
24600
28287
56369
56026
36830
43665
55742
61135
8221
30671
12494
3164
27328
14260
1363
24567
64080
32258
358
15634
19902
46241
60265
11402
30322
17735
47004
34766
1162
30276
54662
25483
9699
2670
45510
65412
39713
44982
50765
12605
46996
70177
67014
48263
12427
3451
11766
61639
26676
22486
55060
13572
6566
22373
13778
52807
29632
55898
24913
64012
33272
55166
29060
37154
15171
67274
25290
32439
11657
42471
35941
62086
20003
62757
12601
32299
60176
15096
17549
70126
51837
17260
20926
50642
23852
46918
69969
8754
25550
2648
34445
26727
56029
41282
55701
29513
17288
65679
41423
47652
43343
20062
54357
17559
60918
31519
1076
52151
28882
23021
27670
50840
38050
37912
1793
27848
49770
25422
6662
18238
58783
30674
48941
14036
16445
34800
40523
33122
48457
54633
43487
59714
64085
66682
14905
54619
30064
31215
34652
22591
10071
3289
6378
36
69502
71637
31110
53952
33767
18055
44990
13316
20996
25092
24510
68205
13315
23003
50775
64147
6939
30866
55169
294
41239
65787
34394
49797
44629
70281
62618
21541
0
52754
36347
43563
29925
47717
56338
69603
36298
42905
45840
45987
11126
11121
2073
61357
67657
60159
41411
4102
39830
20447
11857
26014
15371
48890
21542
25709
59962
6606
44750
60167
44714
31537
53252
20032
31813
6527
17505
62227
71710
57278
32380
19456
71587
39260
16038
55876
71130
34485
57697
51311
33967
30067
564
40632
41310
20054
58092
26409
34796
51605
38503
47259
5602
32305
14666
61498
36813
31970
33479
64058
23489
53869
71670
30886
8795
59689
67204
29303
27644
39683
17305
65848
21099
6459
42575
31326
8426
14743
45096
11982
37744
24152
14488
2014
25377
69812
60600
42777
6265
29525
49713
67760
16470
18230
36848
21897
69158
11893
9953
413
7674
71758
20730
13435
51356
47425
27327
67534
26748
21524
1621
61013
21993
47321
52144
15579
17681
48431
58778
21803
31708
50492
9889
25442
7009
56795
6803
33914
55041
44553
39935
23030
17763
16277
41752
69285
51216
66197
15678
43333
55606
50671
49917
23947
49317
23282
6658
34821
51235
58713
49293
48802
5114
44638
71927
56567
9383
36097
11388
44863
65830
8799
41901
62458
56887
5274
56504
54358
36378
41221
52887
43783
24258
65568
68469
41663
48186
70089
46225
12002
56788
47507
23649
63089
66662
71217
26250
51683
34912
9764
12093
68468
25751
5491
18138
48813
23738
33381
37264
16004
33271
25745
8676
19530
44619
58535
419
31718
31767
22004
6754
60731
5463
44008
23571
2617
6988
62202
47346
27907
50524
638
65677
62313
41397
13853
18885
53616
6256
7290
60036
38942
52913
56303
44407
19110
57849
55717
46531
5960
65360
31235
33198
5050
62240
11267
34232
48520
68684
48254
63026
46296
66282
51058
66892
62299
62859
32245
47404
11276
31613
6654
21722
37526
70714
46212
23274
56518
71049
18441
39431
4107
42315
17663
70110
16490
53072
19687
2900
10421
65778
71468
10791
3157
61218
45378
61143
62994
38957
66535
11551
31113
26295
21478
68072
13622
39152
43408
49322
36202
29646
12901
68547
5827
14309
34865
7935
32209
49395
9433
28807
1477
63741
61717
47675
20726
4610
24033
45093
41458
24451
21821
58045
61364
34730
71963
28392
20051
36201
23416
67451
60107
43091
44021
19084
23354
50907
32724
5985
64014
68753
7651
30404
29808
41537
24232
5557
38935
1638
34106
42714
20262
25356
45426
39441
13245
59209
4541
43588
6816
14993
34335
56687
69868
59136
14265
1690
17844
62778
43403
69636
30536
20238
18856
63162
44948
1794
36107
40674
32192
56863
9084
44743
39448
39226
51415
25605
56313
48456
71296
60057
45317
26945
25350
32967
19596
36197
68383
7133
11704
2190
65954
8418
8449
55073
69186
46878
65704
10253
32497
38309
41664
70227
30220
4574
21052
54610
55605
29079
62645
31193
32972
18148
47916
27159
64011
6693
66918
53913
28644
65676
55002
51870
65182
54860
3673
33923
50973
241
54217
16183
29968
48050
18536
17377
39519
33080
63500
20911
69239
20431
65186
55168
61573
24468
67738
9291
59451
53430
61012
4386
40814
12426
31840
60949
69810
17581
51872
66274
39230
4898
28532
10709
44500
60168
70582
71464
34902
60988
49059
37027
41033
30734
15288
22223
7036
5740
31886
8016
7018
66117
35601
10864
58094
9738
43655
29624
3326
55429
53020
12017
47440
50181
28080
69214
30934
51421
51203
15274
33065
32701
23056
43181
61685
36231
10759
6983
46
56307
43380
5908
13237
605
27383
19717
25303
62040
43860
54719
16832
18075
50554
7556
32623
50231
53481
40661
11013
7581
43225
30532
5563
40396
49222
40145
58420
64370
37420
12065
3598
9030
3309
59862
5592
54828
60688
62520
46284
69435
42201
4593
70493
59524
69041
18946
49391
28438
14794
2615
52439
15748
59766
18391
3461
4067
2764
62462
35207
54162
35848
64506
51790
15571
34113
64550
61822
65467
53434
51080
29603
70354
47324
18899
31423
56317
62371
63709
5333
35035
59832
18710
9213
50984
69929
62848
367
36039
30320
56725
38964
37046
33023
70269
5502
56108
24660
28276
13940
6090
38145
54439
19453
12323
11558
56864
1163
64142
16119
53476
69263
39627
69733
45721
45835
12737
53877
64928
38310
67747
24441
67453
16118
463
30057
57543
35293
3152
35093
37155
21898
27830
6214
17230
54069
15893
14916
39116
55047
48333
44476
59687
61286
55686
56015
47190
26134
46906
17049
43155
58411
50932
571
24343
47595
28808
21214
26319
30103
57346
59329
70086
67181
69602
49081
8115
5101
62298
60391
63904
51632
52102
64128
18127
58957
32952
35076
34972
38527
54622
51609
20122
57444
39661
55775
16444
64084
1118
32446
18380
43400
33184
55886
62241
97
48366
5227
57755
70407
47800
59285
63696
28343
51883
44285
6726
58215
63956
43402
17585
17126
7626
35914
66389
66680
5890
42763
17854
37185
6592
20121
64077
66344
26411
13195
69425
50649
45287
64751
58555
48766
51462
14493
41570
40113
20047
17128
46240
41915
65544
656
46858
12038
47429
64067
71811
61303
47720
32727
6409
11367
49693
31553
22507
4428
72187
9263
63268
49650
8156
48217
9556
34480
4932
61181
46478
25762
64457
69176
40590
68803
66272
57049
61856
58387
17583
36585
37228
59620
65378
15895
7295
55291
12434
42960
35045
48760
471
53956
45213
15252
15936
60163
27672
4218
63411
50077
43585
14797
35536
774
68031
39368
43656
69705
30727
24824
29539
59207
60294
28133
26789
54901
63164
60983
56157
10111
57010
6169
66620
32812
63314
67511
32712
9660
22897
65461
29366
1171
55478
7058
467
70730
44011
6656
40324
970
63171
20531
63278
40725
60712
9796
49323
1276
21928
57530
13422
15901
33364
10431
27051
64044
37613
19536
22420
67320
35859
1062
